5.072124e-06
5.287733e-06
5.385548e-06
5.52654e-06
5.770237e-06
6.077344e-06
6.385196e-06
6.56294e-06
6.58403e-06
6.443426e-06
6.194922e-06
6.003822e-06
5.825897e-06
5.551973e-06
5.319262e-06
5.013739e-06
4.540958e-06
3.959358e-06
3.309015e-06
2.73929e-06
2.263947e-06
1.859949e-06
1.544217e-06
1.305204e-06
1.117094e-06
9.657921e-07
8.486537e-07
7.634736e-07
6.986407e-07
6.424108e-07
5.911951e-07
5.45487e-07
5.005175e-07
4.555083e-07
4.062867e-07
3.519175e-07
2.863837e-07
2.129514e-07
1.507659e-07
1.092067e-07
8.432293e-08
6.968059e-08
6.097601e-08
5.571463e-08
5.238934e-08
5.002514e-08
4.811648e-08
4.65235e-08
4.517164e-08
4.398485e-08
4.29444e-08
4.199156e-08
4.118517e-08
4.04731e-08
3.988311e-08
3.937345e-08
3.902219e-08
3.872703e-08
3.84623e-08
3.81781e-08
3.787757e-08
3.754292e-08
3.718179e-08
3.680253e-08
3.643829e-08
3.610497e-08
3.580755e-08
3.553838e-08
3.525307e-08
3.520745e-08
3.519411e-08
3.519034e-08
