0.1238254130556168
0.1828292355068486
0.2699488621209374
0.3985817036228823
0.5885091465647531
0.8689385700405001
1.282994908254925
1.894352479406388
2.797026935293259
4.129833155024836
5.968449367118077
8.377404378941771
11.47378723053456
15.33393822221686
19.99633797816707
25.4446965099616
31.59325129128525
38.36628309442701
45.6711979394268
53.30956143439253
61.01518167036946
68.47639022971255
75.35533589726099
81.94627512473471
88.91054314956091
96.46667344493704
104.6649672867546
113.5600014214633
123.210991427466
133.6821799321061
145.0432655327004
157.3698778400793
170.744079521582
185.2549022291512
200.998939871104
218.0809970330008
236.6147865874904
256.7236859052588
278.5415583098347
302.2136401218828
327.8975060891702
355.7641294383802
385.9990239199109
418.8034628792632
454.3958139891781
492.468574022527
531.6395313574631
570.6249031033329
608.6437744215841
645.3199679615716
680.49804443824
713.7046383204336
744.4748293231951
772.3628379433543
796.952749718736
817.8688234772361
835.0951708866112
849.6612491105949
863.1764256493401
876.3706483341047
889.2227360962712
901.7118332902197
913.817504420407
925.519748147335
936.7989948227038
947.6361588543765
958.0127663713389
967.9110804007753
977.314063869485
986.2053331610676
993.7569563042222
998.4964394917621
